39
88
129
175
230
289
358
432
519
615
1125
1266
1506
1648
1796
1949
2116
2321
2526
2740
3036
3371
3681
3966
4228
4503
4819
5116
5424
5774
6107
6449
6808
7177
7563
7962
8445
8925
9434
9885
10356
10837
11356
11884
12408
12993
13550
14154
14778
15456
16067
16739
17377
18034
18702
19384
20132
20837
21640
22444
23284
24198
25073
26017
26865
27739
28607
29541
30471
31429
32343
33302
34241
35224
36288
37320
38341
39437
40767
41869
42999
44192
45391
46627
47764
48977
50195
51418
52675
53936
55244
56549
57923
59376
60761
62117
63578
64971
66406
67825
69273
70690
72192
73678
75213
76752
78259
79827
81375
82976
84613
86238
88003
89707
91422
93245
95430
97396
99160
100917
102680
104551
106397
108302
110120
112039
114228
116119
118203
120316
122268
124269
126257
128235
130243
132277
134335
136397
138496
140624
142789
144902
147170
149339
151541
153780
155990
158377
160611
162911
165258
167624
169984
172638
175320
177758
180647
183196
185704
188223
190748
193303
196207
198859
201588
204445
207522
210215
212911
215905
218601
221344
224106
226909
229700
232579
235411
238273
241392
244344
247351
250333
253334
256393
259359
262386
265442
268961
273923
277105
280324
283583
286809
289998
293209
296498
300107
303361
306657
309977
313278
