37
88
155
213
264
319
390
461
540
627
725
1000
1122
1256
1431
1594
1769
1960
2207
2469
2711
2972
3251
3551
3873
4316
4686
5212
5857
6422
6921
7436
8057
8823
9662
10402
11540
12252
12994
13807
14654
15522
16409
17636
18883
20001
21198
22318
23478
24683
25898
27167
28586
30002
31574
33329
34982
36667
38531
40331
42070
43949
45816
48010
50123
52543
54840
57019
59338
61731
64269
66747
69402
71962
74576
77309
80241
83223
86282
89395
92734
95997
99377
102721
107435
110892
114439
118313
122209
126445
130380
134340
138596
142866
147144
151465
155955
160685
165453
170088
174786
179570
184754
189766
194842
200157
205441
210809
216429
222028
227697
233945
240349
246467
252436
258551
264829
271105
277604
284175
290782
297550
304390
311428
318528
325899
333452
341071
349075
356712
364544
372590
380515
389029
397186
405858
414729
423533
432311
441413
450553
459570
468898
478080
487417
497206
506783
516600
527039
537115
547486
557823
568254
578769
589593
600416
611708
625089
637320
649538
661178
673019
685028
696978
709123
721251
734411
747320
760310
773410
787092
800408
813839
827700
841254
855020
869900
883883
898165
912519
927239
941989
956922
972349
987916
1003762
1020535
1036921
1052974
1068969
1085192
1101640
1117939
1134618
1153332
1170921
1188038
1205708
1223547
1241972
1260471
