35
71
187
229
273
320
369
430
528
591
673
804
887
975
1075
1214
1343
1490
1652
1919
2146
2392
2647
2941
3254
3711
4197
4633
5114
5740
6287
7108
7937
8662
9398
10129
10844
11604
12513
13459
14480
15593
16846
17897
19102
20179
21312
22495
24238
25932
27727
29166
30751
32407
34019
35694
37290
39141
41019
43163
45147
47091
49104
51161
53281
55639
57898
60619
63003
65406
67837
70420
73237
75917
78675
81524
84469
87423
90542
93713
96942
100199
103781
107265
110785
114490
118352
122111
125991
129949
133927
138074
142276
146647
151103
155701
160356
165022
169778
174706
180448
185591
190727
195934
201223
206827
212360
218029
223830
229696
235676
241729
247848
254096
260504
267027
273873
280588
287452
294862
302332
309466
316699
324127
331777
339487
347489
355414
363619
371763
380548
389153
397660
406256
414919
424214
433721
442847
452147
461600
471037
480642
490778
500671
510593
520923
531203
541691
553070
563807
574892
586861
598589
610086
621552
633207
645201
657184
669450
682126
694738
707175
719755
732568
745538
758561
771988
786176
801270
815344
829799
844244
859066
873484
888160
902901
917777
932997
948291
963940
979706
996264
1012199
1028470
1047175
1066368
1083731
1100962
1118135
1135153
1152821
1170779
1189055
1207350
1225863
1244229
1262566
1281102
1300414
1319319
1338789
