35
71
164
316
525
804
1152
1528
2062
2626
3358
4073
4929
5801
6738
7614
8587
9799
11152
12624
14111
15469
17078
18641
20198
21724
23273
24955
27162
29608
31706
33849
35761
37769
39805
42010
44652
47197
49489
51836
54240
56919
59875
62665
65586
68529
71351
74283
77522
80919
84284
87559
91109
94612
98205
101650
105246
109415
113083
116837
120645
124452
128260
132151
136120
140642
144841
149031
154033
158515
162964
167475
172005
176742
181488
186240
191009
195892
200737
205707
210783
216034
221589
226924
232360
237713
243307
248758
254298
260233
265930
271940
277771
283629
289547
295684
301739
308127
314294
320548
326965
333480
340341
346931
353720
361168
368368
375589
382697
389958
397014
403985
411129
418209
425652
433451
440833
448343
456018
463652
471312
479051
486847
494674
502639
510600
518632
527761
536254
545154
554828
563846
572970
581653
592122
600952
609958
618957
627942
636937
646039
655141
664425
673689
683214
692681
702161
711838
721954
732146
742598
752413
763249
773702
783842
794053
804415
814467
824778
835629
846258
857172
868033
878577
889427
900434
911330
922426
933563
944748
958636
970037
981244
992939
1004714
1016540
1028002
1039730
1051337
1063214
1074955
1087145
1098908
1110827
1123087
1135101
1147272
1159964
1173078
1185553
1198098
1210424
1223065
1236435
1249820
1262749
1275395
1288434
1301313
1314215
1328057
