37
75
138
182
232
289
365
462
586
734
973
1171
1398
1749
2104
2416
2761
3140
3551
3999
4492
5050
5630
6227
6896
7621
8360
9125
9940
10826
11857
13008
14010
15187
16305
17510
18735
20039
21410
22817
24356
25848
27504
29196
30908
32690
34521
36473
38547
40616
42724
44944
47179
49574
51983
54486
57073
59669
62492
65293
68130
71028
74008
77159
80358
83844
87334
90772
94304
97994
101717
105549
109420
113433
117574
121801
126007
130432
134911
139504
144794
150094
155079
159978
165099
170201
175494
181069
186592
192227
198359
204345
210339
216601
222631
228889
235276
241746
248325
255136
262657
270968
278860
287145
294612
302051
309484
317221
325512
333747
341919
350413
358666
367110
375593
384358
393108
402058
411315
420552
429728
439184
448711
458413
468290
478647
489695
500377
511470
522327
533393
544628
555696
567035
578553
590015
601730
613545
625688
637750
650228
663341
676097
689013
701996
715236
729116
742505
755920
769427
783180
797290
811506
826675
841954
856896
871524
886602
901771
917300
933148
948763
964765
982354
1001927
1018959
1035419
1052157
1069381
1086723
1104223
1122333
1140625
1158464
1177028
1196126
1214638
1233306
1252118
1271283
1290510
1309966
1329561
1349917
1371473
1392231
1412814
1433593
1454437
1476031
1496978
1518393
1541390
1564608
1586523
1609462
1631874
1654620
1677337
1700311
1723844
