37
89
128
174
226
290
366
470
583
710
860
1027
1214
1424
1647
1909
2170
2499
2798
3116
3497
3894
4299
4728
5207
5651
6111
6633
7162
7714
8261
8851
9460
10080
10766
11430
12145
12881
13614
14391
15164
15992
16844
17770
18688
19605
20544
21543
22543
23543
24616
25664
26735
27989
29129
30297
31486
32714
33969
35284
36583
37897
39245
40615
42014
43466
44929
46490
48105
49593
51172
52774
54547
56207
57876
59608
61373
63217
65044
66833
68667
70504
72472
74475
76419
78376
80805
83197
85236
87304
89459
91863
94158
96398
98577
100852
103354
105690
108020
110368
112954
115339
117786
120324
122949
125517
128140
130720
133408
136056
138727
141437
144165
146886
149805
152647
155507
158375
161229
164091
167380
170359
173361
176389
179576
182801
186093
189193
192351
195609
198846
202246
206114
209384
212784
216276
219668
223239
226692
230195
233939
237606
241412
245199
249373
253745
257904
262282
266670
270811
274959
278854
282839
286779
290688
294661
298738
302713
307083
311182
315612
319951
324064
328712
333028
337572
341903
346233
350620
355001
359581
364056
368799
373249
378124
382650
387436
392074
396769
401421
406025
410763
415510
420295
425082
429963
434920
439795
444708
449679
454898
459950
465019
470518
475955
481297
486414
491685
497092
502423
507727
