37
72
114
162
230
303
449
562
700
963
1151
1366
1656
1923
2225
2559
2917
3303
3741
4190
4676
5202
5754
6419
7086
7737
8475
9203
9997
10800
11659
12563
13518
14644
15676
16716
17827
18931
20089
21307
22556
23806
25157
26732
28150
29953
31529
33080
34618
36245
38059
39778
41464
43206
45029
46920
48803
50817
52788
54913
56977
59140
61425
63613
65884
68275
70630
72990
75420
77847
80441
83049
85671
88296
91206
94613
97371
100476
103316
106390
109666
112864
115869
119317
122446
125663
128866
132113
135629
138874
142351
145787
149211
153013
156751
160285
163940
167580
171882
175666
179715
183537
187476
191719
195803
200143
204245
208363
212619
216968
221325
225684
230121
234829
239463
244394
249227
254401
259598
264337
269198
274040
278925
283848
288944
293956
299117
304227
309401
314781
320258
325614
331042
336468
341996
347515
353122
358916
364976
370958
377508
383499
389545
395580
402029
407971
414181
420307
426604
432774
439070
445832
452890
460619
467465
474327
480944
487573
494186
501623
508444
515327
522140
529258
536737
543727
551185
558332
565651
572803
580206
587505
594999
602469
610154
617894
625591
633379
641168
648984
656745
665226
673165
681808
690232
698570
706638
714843
723182
731403
739873
748769
757354
766980
775568
784145
793145
801730
810572
819200
828281
