36
73
168
329
569
860
1246
1691
2214
2811
3495
4274
5114
6041
7020
8211
9361
10679
11996
13504
14953
16567
18233
19971
21814
23702
25698
27902
30083
32361
35353
38011
40491
43124
45820
48873
51685
54760
57782
61155
64826
68532
71923
75821
79580
83693
87948
92167
96072
100395
104870
109467
113788
118555
123596
129781
135215
140113
146177
151214
157256
163272
168705
174195
179835
185255
191490
197561
203465
210637
217737
224434
231604
238098
245031
251801
258734
265613
272897
279839
286999
294105
301866
309334
316706
325040
332700
340727
348681
357318
365775
374845
382949
391048
399408
408246
416745
425101
433627
443288
453113
462312
471472
480985
490060
499459
509324
519380
530472
541916
551907
563424
574488
585235
596683
607114
617764
629138
642504
653622
666695
684621
707285
721215
733440
745333
761994
781362
797786
809903
821557
834318
846524
858628
870563
883441
895690
908176
921209
934060
946863
960013
973569
986956
1000314
1013527
1027330
1041171
1054478
1067875
1081744
1095976
1109986
1123637
1138680
1154724
1169650
1183748
1198302
1213037
1227511
1242201
1256746
1271663
1286435
1301444
1317720
1333793
1348998
1364287
1379599
1395699
1411537
1427540
1443372
1460452
1476660
1493014
1512003
1529299
1545989
1563000
1579820
1596985
1613440
1630415
1647313
1665039
1683941
1701506
1719583
1737238
1754866
1772586
1790669
1808700
1826489
1844267
1862893
1881417
1899899
