38
74
114
157
204
255
314
377
447
524
610
703
806
960
1084
1220
1367
1525
1729
1914
2114
2330
2584
2833
3097
3381
3718
4037
4422
4781
5165
5568
6018
6465
7005
7510
8099
8665
9273
9916
10621
11328
12100
12909
13764
14605
15521
16497
17488
18522
19708
20817
21935
23173
24393
25678
27008
28390
29828
31396
32934
34551
36234
37971
39671
41417
43293
45234
47187
49208
51307
53446
55607
57835
60178
62513
65077
67684
70232
72849
75732
78746
81641
84834
87750
96145
99202
102592
105764
109085
112415
115857
119336
122945
126602
130308
134135
137921
142062
146521
150478
154698
158909
163198
167633
172092
176621
181240
186138
191212
196234
201196
206189
211252
216585
221936
227228
232682
238213
244459
250478
256212
262169
268366
275373
284568
290870
297401
303834
310476
317429
324146
331021
338032
345028
352120
359251
366417
374089
381570
389899
399077
407658
417082
425357
433993
442535
450832
459255
468084
477195
486004
495257
504382
513675
523051
532730
542432
552053
561602
571314
581190
591588
602160
612982
623520
634050
645019
655750
666975
678420
689682
701303
713435
725850
737543
749581
761799
773891
786035
798549
811065
823768
836430
849137
862648
875940
889263
902619
916550
930321
944230
958402
972332
987423
1002141
1016951
1031601
1046328
1061584
1077044
