37
73
114
158
206
261
320
385
462
559
648
741
845
962
1084
1243
1381
1526
1684
1853
2112
2297
2494
2701
2922
3146
3385
3638
3896
4161
4443
4732
5027
5370
5693
6034
6478
6891
7273
7648
8065
8468
8941
9485
10164
10654
11111
11617
12107
12601
13116
13640
14171
14723
15315
15889
16477
17114
17757
18396
19092
19809
20461
21136
21857
22564
23325
24086
24870
25609
26412
27191
28009
28909
29776
30614
31463
32320
33192
34110
35045
35976
36906
38046
39382
40367
41378
42380
43409
44486
45553
46636
47776
48901
50039
51135
52296
53442
54759
56067
57301
58532
59796
61037
62318
63585
64930
66204
67897
69366
70856
72245
73658
75089
76515
77953
79374
80845
82311
84330
86095
87641
89215
90736
92284
93897
95480
97432
99050
100710
102690
104446
106148
107817
109470
111227
113005
114786
116570
118487
120305
122181
123968
125891
128196
130696
132667
134742
136888
138866
140837
142866
144924
146938
149298
151790
153940
156251
158967
161278
164617
167843
170914
173681
176519
178792
181755
185506
187817
192284
195185
198956
202526
205362
208190
210593
213059
215734
218610
221365
223823
226331
228954
231489
234034
236610
239136
241701
244483
247481
250134
252767
255429
258083
261201
264289
267039
269792
272576
275837
278583
