37
72
174
321
522
778
1131
1518
1947
2448
2998
3630
4292
5044
5881
6771
7695
8797
9829
10954
12080
13383
14813
16128
17600
19074
20637
22468
24285
25992
27719
29714
31602
33586
35631
37827
40226
42652
45078
47485
49830
52561
55127
57692
60345
63189
65958
68977
71861
74845
77994
81189
84551
87853
91092
94489
97889
101421
105000
108595
112401
116383
120193
124128
128055
132108
136259
140427
145040
149308
153664
158212
162778
167398
172084
177084
183741
188543
193597
198477
203369
208444
213842
219011
224383
229772
235534
242060
247676
253350
259254
264931
270882
276730
282613
288525
294500
300578
306724
312913
319244
325612
332362
338905
345429
352067
359231
365952
372722
379917
387382
394852
401840
409008
416750
424030
431347
439275
446685
454633
462197
469790
477713
485705
493634
501574
509922
518172
526308
534603
543007
551764
560268
568784
577461
586126
594823
603605
612463
621298
630429
640973
650140
659799
669875
679156
688630
699807
710655
723139
733466
743764
753768
763709
773781
783851
793977
803980
813975
824589
834951
845668
857269
868339
878788
889904
900815
912243
923160
934154
945017
956056
967094
978731
989962
1001198
1012420
1023673
1035293
1047135
1058969
1071166
1083075
1095372
1107376
1119396
1131364
1143495
1155736
1168862
1181136
1193738
1206118
1218424
1231624
1244234
1257639
1270383
1283607
1296667
1309522
