37
88
127
181
223
269
319
373
430
493
561
635
769
858
955
1062
1178
1303
1460
1629
1789
1966
2166
2391
2650
2891
3159
3431
3729
4037
4369
4767
5160
5586
6022
6503
7080
7632
8351
9406
10143
10984
11770
12781
13724
14657
15649
16693
17748
18856
19827
21000
22082
23312
24615
25969
27298
28585
30041
31505
33044
34589
36162
37829
39502
41420
43281
45214
47154
49230
51334
53496
55798
58285
61013
63521
66042
68677
71478
74184
76925
79845
82744
85713
88791
91977
95288
98545
102059
105578
109102
112784
116537
120246
124055
127929
132291
136458
140732
144992
149375
153852
158396
163112
167841
172621
177471
182502
187943
193419
198945
204258
210037
215950
221648
227505
233425
239376
245675
252677
259058
265251
271765
278285
284991
291639
298514
305340
312242
319349
326679
333865
341242
348804
356264
363805
371559
379543
387435
395418
403537
411863
420134
428740
438151
446874
456433
465598
475023
484138
493567
503600
513101
522737
532844
542683
553478
563712
573839
584122
594637
605064
615796
626783
637666
648860
661526
673051
685071
696544
708684
720715
733644
747340
760896
773666
786203
798996
811792
824632
837649
850751
864306
878644
892581
906561
921102
935331
949685
963927
978503
993120
1007934
1022809
1037690
1052798
1068707
1084842
1100487
1116392
1132296
